   逻辑回归模型评估:  
                 precision    recall  f1-score   support  
              0       1.00      0.80      0.89         5  
              1       0.83      0.83      0.83         6  
              2       0.70      0.88      0.78         8  
              3       1.00      1.00      1.00         7  
              4       0.60      0.60      0.60         5  
              5       0.67      0.67      0.67         3  
              6       0.75      0.67      0.71         9  
              7       0.86      0.86      0.86         7  
       accuracy                           0.80        50  
      macro avg       0.80      0.79      0.79        50  
   weighted avg       0.81      0.80      0.80        50  

   随机森林模型评估:  
                 precision    recall  f1-score   support  
              0       1.00      1.00      1.00         5  
              1       0.86      1.00      0.92         6  
              2       0.88      0.88      0.88         8  
              3       1.00      1.00      1.00         7  
              4       0.67      0.80      0.73         5  
              5       1.00      0.67      0.80         3  
              6       0.89      0.89      0.89         9  
              7       1.00      0.86      0.92         7  
       accuracy                           0.90        50  
      macro avg       0.91      0.89      0.89        50  
   weighted avg       0.91      0.90      0.90        50  

   逻辑回归模型 - 前20个最重要特征:  
   feature       weight  
   2 其他类型     1.081536  
   12 犯罪        0.914460  
   4 剧情         0.807518  
   11 爱情        0.720705  
   10 惊悚        0.679793  
   9 悬疑         0.524525  
   5 动作         0.521499  
   0 score        0.477826  
   8 奇幻         0.416660  
   6 动画         0.404102  
   3 冒险         0.367721  
   31 Daniel      0.235895  
   19 日本        0.230279  
   17 德国        0.218987  
   28 Chow        0.218578  
   7 喜剧         0.210920  
   15 中国香港    0.201446  
   16 其他国家    0.193253  
   25 /           0.186962  
   32 David       0.183150  

   随机森林模型 - 前20个最重要特征:  
   feature       importance  
   2 其他类型     0.172346  
   12 犯罪        0.112030  
   11 爱情        0.089554  
   1 year         0.061664  
   0 score        0.060180  
   4 剧情         0.056947  
   10 惊悚        0.053530  
   3 冒险         0.042846  
   41 其他导演    0.040136  
   9 悬疑         0.039369  
   5 动作         0.034179  
   6 动画         0.025656  
   8 奇幻         0.022108  
   25 /           0.021914  
   16 其他国家    0.014355  
   21 美国        0.014148  
   7 喜剧         0.013016  
   24 ...         0.012829  
   15 中国香港    0.008798  
   19 日本        0.008599  
